[[0.    0.114 0.13  0.068 0.034 0.114 0.008 0.172 0.111 0.048 0.306]
 [0.114 0.    0.131 0.117 0.113 0.12  0.113 0.175 0.065 0.11  0.312]
 [0.13  0.131 0.    0.134 0.13  0.135 0.129 0.184 0.127 0.125 0.312]
 [0.068 0.117 0.134 0.    0.066 0.12  0.067 0.175 0.116 0.062 0.311]
 [0.034 0.113 0.13  0.066 0.    0.116 0.033 0.17  0.109 0.049 0.305]
 [0.114 0.12  0.135 0.12  0.116 0.    0.114 0.171 0.117 0.108 0.309]
 [0.008 0.113 0.129 0.067 0.033 0.114 0.    0.17  0.11  0.047 0.304]
 [0.172 0.175 0.184 0.175 0.17  0.171 0.17  0.    0.176 0.169 0.314]
 [0.111 0.065 0.127 0.116 0.109 0.117 0.11  0.176 0.    0.108 0.309]
 [0.048 0.11  0.125 0.062 0.049 0.108 0.047 0.169 0.108 0.    0.302]
 [0.306 0.312 0.312 0.311 0.305 0.309 0.304 0.314 0.309 0.302 0.   ]]