+-------------+------------+-----------+-----------------+-------------+------------+-------------+--------------+-----------+------------+-------------+
| a_andersoni | a_barbouri | a_bishopi | a_californiense | a_dumerilii | a_laterale | a_mexicanum | a_talpoideum | a_texanum | a_tigrinum | s_lacertina |
+-------------+------------+-----------+-----------------+-------------+------------+-------------+--------------+-----------+------------+-------------+
|     0.0     |   0.106    |   0.12    |      0.065      |    0.033    |   0.106    |    0.008    |    0.154     |   0.103   |   0.047    |    0.251    |
|    0.106    |    0.0     |   0.121   |      0.108      |    0.105    |   0.111    |    0.105    |    0.156     |   0.063   |   0.102    |    0.256    |
|    0.12     |   0.121    |    0.0    |      0.122      |    0.119    |   0.124    |    0.119    |    0.163     |   0.117   |   0.115    |    0.255    |
|    0.065    |   0.108    |   0.122   |       0.0       |    0.063    |   0.111    |    0.064    |    0.156     |   0.108   |    0.06    |    0.255    |
|    0.033    |   0.105    |   0.119   |      0.063      |     0.0     |   0.107    |    0.032    |    0.152     |   0.101   |   0.048    |    0.251    |
|    0.106    |   0.111    |   0.124   |      0.111      |    0.107    |    0.0     |    0.105    |    0.153     |   0.109   |   0.101    |    0.253    |
|    0.008    |   0.105    |   0.119   |      0.064      |    0.032    |   0.105    |     0.0     |    0.152     |   0.102   |   0.046    |    0.25     |
|    0.154    |   0.156    |   0.163   |      0.156      |    0.152    |   0.153    |    0.152    |     0.0      |   0.157   |   0.151    |    0.256    |
|    0.103    |   0.063    |   0.117   |      0.108      |    0.101    |   0.109    |    0.102    |    0.157     |    0.0    |   0.101    |    0.253    |
|    0.047    |   0.102    |   0.115   |      0.06       |    0.048    |   0.101    |    0.046    |    0.151     |   0.101   |    0.0     |    0.248    |
|    0.251    |   0.256    |   0.255   |      0.255      |    0.251    |   0.253    |    0.25     |    0.256     |   0.253   |   0.248    |     0.0     |
+-------------+------------+-----------+-----------------+-------------+------------+-------------+--------------+-----------+------------+-------------+