+-------------+------------+-----------+-----------------+-------------+------------+-------------+--------------+-----------+------------+-------------+
| a_andersoni | a_barbouri | a_bishopi | a_californiense | a_dumerilii | a_laterale | a_mexicanum | a_talpoideum | a_texanum | a_tigrinum | s_lacertina |
+-------------+------------+-----------+-----------------+-------------+------------+-------------+--------------+-----------+------------+-------------+
|     0.0     |   0.099    |   0.111   |      0.062      |    0.032    |   0.098    |    0.007    |    0.129     |   0.096   |   0.045    |    0.179    |
|    0.099    |    0.0     |   0.113   |       0.1       |    0.099    |   0.105    |    0.097    |    0.133     |   0.062   |   0.094    |    0.185    |
|    0.111    |   0.113    |    0.0    |      0.112      |    0.111    |   0.114    |    0.109    |     0.14     |   0.108   |   0.106    |    0.18     |
|    0.062    |    0.1     |   0.112   |       0.0       |    0.061    |   0.104    |    0.062    |    0.131     |    0.1    |   0.057    |    0.184    |
|    0.032    |   0.099    |   0.111   |      0.061      |     0.0     |   0.101    |    0.031    |    0.127     |   0.094   |   0.046    |    0.178    |
|    0.098    |   0.105    |   0.114   |      0.104      |    0.101    |    0.0     |    0.097    |     0.13     |   0.102   |   0.094    |    0.179    |
|    0.007    |   0.097    |   0.109   |      0.062      |    0.031    |   0.097    |     0.0     |    0.127     |   0.095   |   0.043    |    0.178    |
|    0.129    |   0.133    |   0.14    |      0.131      |    0.127    |    0.13    |    0.127    |     0.0      |   0.132   |   0.127    |    0.179    |
|    0.096    |   0.062    |   0.108   |       0.1       |    0.094    |   0.102    |    0.095    |    0.132     |    0.0    |   0.092    |    0.182    |
|    0.045    |   0.094    |   0.106   |      0.057      |    0.046    |   0.094    |    0.043    |    0.127     |   0.092   |    0.0     |    0.178    |
|    0.179    |   0.185    |   0.18    |      0.184      |    0.178    |   0.179    |    0.178    |    0.179     |   0.182   |   0.178    |     0.0     |
+-------------+------------+-----------+-----------------+-------------+------------+-------------+--------------+-----------+------------+-------------+