# Para corregir el error de las gráficas lo que hicimos fue llamar a los métodos a mano
# En lugar de usar los for del main. 
# Aquí están todas las tablas, leíbles para python, y los taxa. :-)

jk = [[0., 0.114, 0.13,  0.068, 0.034, 0.114, 0.008, 0.172, 0.111, 0.048, 0.306,],
[0.114, 0.,    0.131, 0.117, 0.113, 0.12,  0.113, 0.175, 0.065, 0.11,  0.312],
[0.13,  0.131, 0.,    0.134, 0.13,  0.135, 0.129, 0.184, 0.127, 0.125, 0.312],
[0.068, 0.117, 0.134, 0.,    0.066, 0.12,  0.067, 0.175, 0.116, 0.062, 0.311],
[0.034, 0.113, 0.13,  0.066, 0.,    0.116, 0.033, 0.17,  0.109, 0.049, 0.305],
[0.114, 0.12,  0.135, 0.12,  0.116, 0.,    0.114, 0.171, 0.117, 0.108, 0.309],
[0.008, 0.113, 0.129, 0.067, 0.033, 0.114, 0.,    0.17,  0.11,  0.047, 0.304],
[0.172, 0.175, 0.184, 0.175, 0.17,  0.171, 0.17,  0.,    0.176, 0.169, 0.314],
[0.111, 0.065, 0.127, 0.116, 0.109, 0.117, 0.11,  0.176, 0.,    0.108, 0.309],
[0.048, 0.11,  0.125, 0.062, 0.049, 0.108, 0.047, 0.169, 0.108, 0.,    0.302],
[0.306, 0.312, 0.312, 0.311, 0.305, 0.309, 0.304, 0.314, 0.309, 0.302, 0.   ]]

mk = [[0., 0.098, 0.11,  0.062, 0.032, 0.097, 0.007, 0.128, 0.095, 0.045, 0.178], 
[0.098, 0.,    0.112, 0.1,   0.099, 0.105, 0.097, 0.132, 0.061, 0.094, 0.184],
[0.11,  0.112, 0.,    0.111, 0.11,  0.113, 0.109, 0.139, 0.108, 0.105, 0.179],
[0.062, 0.1,   0.111, 0.,    0.061, 0.103, 0.062, 0.13,  0.1,   0.057, 0.183],
[0.032, 0.099, 0.11,  0.061, 0.,    0.1,   0.031, 0.127, 0.094, 0.046, 0.177],
[0.097, 0.105, 0.113, 0.103, 0.1,   0.,    0.096, 0.129, 0.101, 0.094, 0.178],
[0.007, 0.097, 0.109, 0.062, 0.031, 0.096, 0.,    0.126, 0.094, 0.043, 0.177],
[0.128, 0.132, 0.139, 0.13,  0.127, 0.129, 0.126, 0.,    0.131, 0.127, 0.178],
[0.095, 0.061, 0.108, 0.1,   0.094, 0.101, 0.094, 0.131, 0.,    0.091, 0.181],
[0.045, 0.094, 0.105, 0.057, 0.046, 0.094, 0.043, 0.127, 0.091, 0.,    0.176],
[0.178, 0.184, 0.179, 0.183, 0.177, 0.178, 0.177, 0.178, 0.181, 0.176, 0.   ]]

naive = [[0.,0.106, 0.12,  0.065, 0.033, 0.106, 0.008, 0.154, 0.103, 0.047, 0.251],
[0.106, 0.,    0.121, 0.108, 0.105, 0.111, 0.105, 0.156, 0.063, 0.102, 0.256],
[0.12,  0.121, 0.,    0.122, 0.119, 0.124, 0.119, 0.163, 0.117, 0.115, 0.255],
[0.065, 0.108, 0.122, 0.,    0.063, 0.111, 0.064, 0.156, 0.108, 0.06,  0.255],
[0.033, 0.105, 0.119, 0.063, 0.,    0.107, 0.032, 0.152, 0.101, 0.048, 0.251],
[0.106, 0.111, 0.124, 0.111, 0.107, 0.,    0.105, 0.153, 0.109, 0.101, 0.253],
[0.008, 0.105, 0.119, 0.064, 0.032, 0.105, 0.,    0.152, 0.102, 0.046, 0.25 ],
[0.154, 0.156, 0.163, 0.156, 0.152, 0.153, 0.152, 0.,    0.157, 0.151, 0.256],
[0.103, 0.063, 0.117, 0.108, 0.101, 0.109, 0.102, 0.157, 0.,    0.101, 0.253],
[0.047, 0.102, 0.115, 0.06,  0.048, 0.101, 0.046, 0.151, 0.101, 0.,    0.248],
[0.251, 0.256, 0.255, 0.255, 0.251, 0.253, 0.25,  0.256, 0.253, 0.248, 0.   ]]

tamura = [[0., 0.099, 0.111, 0.062, 0.032, 0.098, 0.007, 0.129, 0.096, 0.045, 0.179],
[0.099, 0.,    0.113, 0.1,   0.099, 0.105, 0.097, 0.133, 0.062, 0.094, 0.185],
[0.111, 0.113, 0.,    0.112, 0.111, 0.114, 0.109, 0.14,  0.108, 0.106, 0.18 ],
[0.062, 0.1,   0.112, 0.,    0.061, 0.104, 0.062, 0.131, 0.1,   0.057, 0.184],
[0.032, 0.099, 0.111, 0.061, 0.,    0.101, 0.031, 0.127, 0.094, 0.046, 0.178],
[0.098, 0.105, 0.114, 0.104, 0.101, 0.,    0.097, 0.13,  0.102, 0.094, 0.179],
[0.007, 0.097, 0.109, 0.062, 0.031, 0.097, 0.,    0.127, 0.095, 0.043, 0.178],
[0.129, 0.133, 0.14,  0.131, 0.127, 0.13,  0.127, 0.,    0.132, 0.127, 0.179],
[0.096, 0.062, 0.108, 0.1,   0.094, 0.102, 0.095, 0.132, 0.,    0.092, 0.182],
[0.045, 0.094, 0.106, 0.057, 0.046, 0.094, 0.043, 0.127, 0.092, 0.,    0.178],
[0.179, 0.185, 0.18,  0.184, 0.178, 0.179, 0.178, 0.179, 0.182, 0.178, 0.   ]]

h = ["andersoni", "barbouri", "bishopi", "californiense", "dumerilii", "laterale", "mexicanum", "talpoideum", "texanum", "tigrinum", "lacertina"]